      0.09817477
      0.29452431
      0.49087385
      0.68722339
      0.88357293
      1.07992247
      1.27627202
      1.47262156
      1.66897110
      1.86532064
      2.06167018
      2.25801972
      2.45436926
      2.65071880
      2.84706834
      3.04341788
      3.23976742
      3.43611696
      3.63246651
      3.82881605
      4.02516559
      4.22151513
      4.41786467
      4.61421421
      4.81056375
      5.00691329
      5.20326283
      5.39961237
      5.59596191
      5.79231146
      5.98866100
      6.18501054
