      0.00000000      0.00196891
      0.01745329      0.00197106
      0.03490659      0.00197819
      0.05235988      0.00199083
      0.06981317      0.00200930
      0.08726646      0.00203431
      0.10471976      0.00206677
      0.12217305      0.00210779
      0.13962634      0.00215867
      0.15707963      0.00222090
      0.17453293      0.00229609
      0.19198622      0.00238637
      0.20943951      0.00249332
      0.22689280      0.00262086
      0.24434610      0.00276484
      0.26179939      0.00293528
      0.27925268      0.00312954
      0.29670597      0.00334895
      0.31415927      0.00359938
      0.33161256      0.00388400
      0.34906585      0.00419611
      0.36651914      0.00454804
      0.38397244      0.00493149
      0.40142573      0.00535696
      0.41887902      0.00581493
      0.43633231      0.00631658
      0.45378561      0.00685004
      0.47123890      0.00742655
      0.48869219      0.00803193
      0.50614548      0.00867718
      0.52359878      0.00934543
      0.54105207      0.01004748
      0.55850536      0.01076321
      0.57595865      0.01150357
      0.59341195      0.01224431
      0.61086524      0.01299764
      0.62831853      0.01373360
      0.64577182      0.01446792
      0.66322512      0.01517217
      0.68067841      0.01584060
      0.69813170      0.01646349
      0.71558499      0.01702964
      0.73303829      0.01752755
      0.75049158      0.01794597
      0.76794487      0.01827405
      0.78539816      0.01850155
      0.80285146      0.01861910
      0.82030475      0.01861852
      0.83775804      0.01849301
      0.85521133      0.01823705
      0.87266463      0.01784588
      0.89011792      0.01734462
      0.90757121      0.01669934
      0.92502450      0.01593093
      0.94247780      0.01504117
      0.95993109      0.01404728
      0.97738438      0.01299308
      0.99483767      0.01185437
      1.01229097      0.01066920
      1.02974426      0.00946199
      1.04719755      0.00825919
      1.06465084      0.00708903
      1.08210414      0.00598082
      1.09955743      0.00496237
      1.11701072      0.00406170
      1.13446401      0.00330990
      1.15191731      0.00273765
      1.16937060      0.00236724
      1.18682389      0.00221777
      1.20427718      0.00229613
      1.22173048      0.00261715
      1.23918377      0.00318272
      1.25663706      0.00398948
      1.27409035      0.00502759
      1.29154365      0.00627985
      1.30899694      0.00772230
      1.32645023      0.00932453
      1.34390352      0.01105022
      1.36135682      0.01285798
      1.37881011      0.01470237
      1.39626340      0.01653512
      1.41371669      0.01830650
      1.43116999      0.01996681
      1.44862328      0.02146789
      1.46607657      0.02276471
      1.48352986      0.02381685
      1.50098316      0.02458996
      1.51843645      0.02505698
      1.53588974      0.02519554
      1.55334303      0.02500418
      1.57079633      0.02447814
      1.58824962      0.02362770
      1.60570291      0.02247285
      1.62315620      0.02104261
      1.64060950      0.01937459
      1.65806279      0.01751390
      1.67551608      0.01551184
      1.69296937      0.01342391
      1.71042267      0.01130810
      1.72787596      0.00923099
      1.74532925      0.00725393
      1.76278254      0.00543328
      1.78023584      0.00381633
      1.79768913      0.00245427
      1.81514242      0.00139293
      1.83259571      0.00066579
      1.85004901      0.00029459
      1.86750230      0.00029765
      1.88495559      0.00068095
      1.90240888      0.00144044
      1.91986218      0.00256304
      1.93731547      0.00402684
      1.95476876      0.00580193
      1.97222205      0.00785141
      1.98967535      0.01013257
      2.00712864      0.01259806
      2.02458193      0.01519717
      2.04203522      0.01787712
      2.05948852      0.02058490
      2.07694181      0.02329460
      2.09439510      0.02592240
      2.11184839      0.02842217
      2.12930169      0.03076642
      2.14675498      0.03291328
      2.16420827      0.03483210
      2.18166156      0.03650894
      2.19911486      0.03788809
      2.21656815      0.03898317
      2.23402144      0.03981658
      2.25147474      0.04031891
      2.26892803      0.04052850
      2.28638132      0.04046203
      2.30383461      0.04012010
      2.32128791      0.03950706
      2.33874120      0.03867685
      2.35619449      0.03761992
      2.37364778      0.03636201
      2.39110108      0.03494857
      2.40855437      0.03344025
      2.42600766      0.03181434
      2.44346095      0.03008272
      2.46091425      0.02821050
      2.47836754      0.02641030
      2.49582083      0.02457016
      2.51327412      0.02268227
      2.53072742      0.02087452
      2.54818071      0.01910886
      2.56563400      0.01736844
      2.58308729      0.01571267
      2.60054059      0.01414461
      2.61799388      0.01266527
      2.63544717      0.01127893
      2.65290046      0.00999124
      2.67035376      0.00880498
      2.68780705      0.00772106
      2.70526034      0.00673900
      2.72271363      0.00585711
      2.74016693      0.00507257
      2.75762022      0.00438161
      2.77507351      0.00377968
      2.79252680      0.00326158
      2.80998010      0.00282159
      2.82743339      0.00245366
      2.84488668      0.00215148
      2.86233997      0.00190860
      2.87979327      0.00171856
      2.89724656      0.00157495
      2.91469985      0.00147152
      2.93215314      0.00140219
      2.94960644      0.00136118
      2.96705973      0.00134304
      2.98451302      0.00134265
      3.00196631      0.00135532
      3.01941961      0.00137680
      3.03687290      0.00140326
      3.05432619      0.00143139
      3.07177948      0.00145833
      3.08923278      0.00148174
      3.10668607      0.00149980
      3.12413936      0.00151117
      3.14159265      0.00151508
      3.15904595      0.00151126
      3.17649924      0.00149998
      3.19395253      0.00148205
      3.21140582      0.00145879
      3.22885912      0.00143202
      3.24631241      0.00140410
      3.26376570      0.00137787
      3.28121899      0.00135665
      3.29867229      0.00134424
      3.31612558      0.00134491
      3.33357887      0.00136334
      3.35103216      0.00140461
      3.36848546      0.00147420
      3.38593875      0.00157787
      3.40339204      0.00172169
      3.42084533      0.00191191
      3.43829863      0.00215494
      3.45575192      0.00245725
      3.47320521      0.00282529
      3.49065850      0.00326536
      3.50811180      0.00378354
      3.52556509      0.00438554
      3.54301838      0.00507659
      3.56047167      0.00586129
      3.57792497      0.00674346
      3.59537826      0.00772599
      3.61283155      0.00881064
      3.63028484      0.00999786
      3.64773814      0.01128665
      3.66519143      0.01267441
      3.68264472      0.01415678
      3.70009801      0.01572746
      3.71755131      0.01737813
      3.73500460      0.01909837
      3.75245789      0.02088039
      3.76991118      0.02269123
      3.78736448      0.02454815
      3.80481777      0.02638949
      3.82227106      0.02823126
      3.83972435      0.03001225
      3.85717765      0.03175231
      3.87463094      0.03340930
      3.89208423      0.03496266
      3.90953752      0.03638358
      3.92699082      0.03762774
      3.94444411      0.03867994
      3.96189740      0.03951805
      3.97935069      0.04011948
      3.99680399      0.04046421
      4.01425728      0.04053530
      4.03171057      0.04031968
      4.04916386      0.03980898
      4.06661716      0.03900004
      4.08407045      0.03789512
      4.10152374      0.03650217
      4.11897703      0.03483506
      4.13643033      0.03291372
      4.15388362      0.03076416
      4.17133691      0.02841819
      4.18879020      0.02591308
      4.20624350      0.02329095
      4.22369679      0.02059806
      4.24115008      0.01788384
      4.25860337      0.01519981
      4.27605667      0.01259842
      4.29350996      0.01013169
      4.31096325      0.00784990
      4.32841654      0.00580014
      4.34586984      0.00402504
      4.36332313      0.00256142
      4.38077642      0.00143911
      4.39822972      0.00067999
      4.41568301      0.00029711
      4.43313630      0.00029413
      4.45058959      0.00066505
      4.46804289      0.00139415
      4.48549618      0.00245635
      4.50294947      0.00381066
      4.52040276      0.00542915
      4.53785606      0.00725514
      4.55530935      0.00923543
      4.57276264      0.01131188
      4.59021593      0.01342412
      4.60766923      0.01551133
      4.62512252      0.01751404
      4.64257581      0.01937590
      4.66002910      0.02104533
      4.67748240      0.02247702
      4.69493569      0.02363318
      4.71238898      0.02449315
      4.72984227      0.02501067
      4.74729557      0.02523049
      4.76474886      0.02508799
      4.78220215      0.02462914
      4.79965544      0.02385403
      4.81710874      0.02280286
      4.83456203      0.02150704
      4.85201532      0.02000676
      4.86946861      0.01834725
      4.88692191      0.01657658
      4.90437520      0.01470587
      4.92182849      0.01286083
      4.93928178      0.01105143
      4.95673508      0.00932384
      4.97418837      0.00771938
      4.99164166      0.00627431
      5.00909495      0.00501906
      5.02654825      0.00397771
      5.04400154      0.00316800
      5.06145483      0.00260154
      5.07890812      0.00229822
      5.09636142      0.00221864
      5.11381471      0.00237241
      5.13126800      0.00274422
      5.14872129      0.00333433
      5.16617459      0.00406484
      5.18362788      0.00496206
      5.20108117      0.00597904
      5.21853446      0.00709537
      5.23598776      0.00826684
      5.25344105      0.00947168
      5.27089434      0.01067702
      5.28834763      0.01186470
      5.30580093      0.01300175
      5.32325422      0.01407438
      5.34070751      0.01505801
      5.35816080      0.01594122
      5.37561410      0.01670952
      5.39306739      0.01735510
      5.41052068      0.01787174
      5.42797397      0.01825674
      5.44542727      0.01851006
      5.46288056      0.01863413
      5.48033385      0.01863363
      5.49778714      0.01851509
      5.51524044      0.01828662
      5.53269373      0.01795753
      5.55014702      0.01752627
      5.56760031      0.01702629
      5.58505361      0.01645974
      5.60250690      0.01583624
      5.61996019      0.01516724
      5.63741348      0.01446371
      5.65486678      0.01373607
      5.67232007      0.01299408
      5.68977336      0.01224662
      5.70722665      0.01150523
      5.72467995      0.01076832
      5.74213324      0.01004793
      5.75958653      0.00934913
      5.77703982      0.00867702
      5.79449312      0.00803500
      5.81194641      0.00743105
      5.82939970      0.00685619
      5.84685299      0.00631746
      5.86430629      0.00581759
      5.88175958      0.00535603
      5.89921287      0.00493240
      5.91666616      0.00454600
      5.93411946      0.00419579
      5.95157275      0.00388043
      5.96902604      0.00359830
      5.98647933      0.00334762
      6.00393263      0.00312638
      6.02138592      0.00293246
      6.03883921      0.00276364
      6.05629250      0.00261773
      6.07374580      0.00249255
      6.09119909      0.00238563
      6.10865238      0.00229576
      6.12610567      0.00222047
      6.14355897      0.00215823
      6.16101226      0.00210735
      6.17846555      0.00206636
      6.19591884      0.00203394
      6.21337214      0.00200899
      6.23082543      0.00199057
      6.24827872      0.00197794
      6.26573201      0.00197060
