      0.00000000      2.36491022
      0.01745329      2.35139749
      0.03490659      2.33684079
      0.05235988      2.32075045
      0.06981317      2.30629938
      0.08726646      2.29548807
      0.10471976      2.28612987
      0.12217305      2.27454926
      0.13962634      2.26582723
      0.15707963      2.25874516
      0.17453293      2.25092970
      0.19198622      2.24572008
      0.20943951      2.24197672
      0.22689280      2.23794503
      0.24434610      2.23484036
      0.26179939      2.22896092
      0.27925268      2.22217571
      0.29670597      2.21452670
      0.31415927      2.20163076
      0.33161256      2.18789352
      0.34906585      2.16769612
      0.36651914      2.14616017
      0.38397244      2.11758306
      0.40142573      2.08611792
      0.41887902      2.05064676
      0.43633231      2.01145309
      0.45378561      1.96904520
      0.47123890      1.92392892
      0.48869219      1.87673386
      0.50614548      1.82828735
      0.52359878      1.77932084
      0.54105207      1.73061737
      0.55850536      1.68290815
      0.57595865      1.63686761
      0.59341195      1.59308061
      0.61086524      1.55202492
      0.62831853      1.51404900
      0.64577182      1.47935171
      0.66322512      1.44794846
      0.68067841      1.41947391
      0.69813170      1.39426162
      0.71558499      1.37190827
      0.73303829      1.35137134
      0.75049158      1.33210878
      0.76794487      1.31335237
      0.78539816      1.29425317
      0.80285146      1.27391861
      0.82030475      1.25146266
      0.83775804      1.22605697
      0.85521133      1.19696926
      0.87266463      1.16361196
      0.89011792      1.12559369
      0.90757121      1.08275391
      0.92502450      1.03516463
      0.94247780      0.98302051
      0.95993109      0.92756663
      0.97738438      0.86745562
      0.99483767      0.80891360
      1.01229097      0.74803826
      1.02974426      0.68804890
      1.04719755      0.62963469
      1.06465084      0.57383026
      1.08210414      0.52138864
      1.09955743      0.47280482
      1.11701072      0.42776123
      1.13446401      0.38991873
      1.15191731      0.35609173
      1.16937060      0.32660951
      1.18682389      0.30242137
      1.20427718      0.27856542
      1.22173048      0.25983309
      1.23918377      0.24247628
      1.25663706      0.22868362
      1.27409035      0.21566950
      1.29154365      0.20352061
      1.30899694      0.19172152
      1.32645023      0.18018280
      1.34390352      0.16740103
      1.36135682      0.15407301
      1.37881011      0.13986916
      1.39626340      0.12471650
      1.41371669      0.10872823
      1.43116999      0.09219000
      1.44862328      0.07553105
      1.46607657      0.05929120
      1.48352986      0.04412832
      1.50098316      0.03076469
      1.51843645      0.02005935
      1.53588974      0.01176204
      1.55334303      0.00717388
      1.57079633      0.00640042
      1.58824962      0.00899648
      1.60570291      0.01506214
      1.62315620      0.02423215
      1.64060950      0.03594074
      1.65806279      0.04968427
      1.67551608      0.06481521
      1.69296937      0.08061320
      1.71042267      0.09673969
      1.72787596      0.11289652
      1.74532925      0.12825115
      1.76278254      0.14298942
      1.78023584      0.15815204
      1.79768913      0.17194042
      1.81514242      0.18570972
      1.83259571      0.19953844
      1.85004901      0.21381721
      1.86750230      0.22874901
      1.88495559      0.24485564
      1.90240888      0.26321940
      1.91986218      0.28387895
      1.93731547      0.30708856
      1.95476876      0.33328777
      1.97222205      0.36261987
      1.98967535      0.39523495
      2.00712864      0.43130423
      2.02458193      0.47034933
      2.04203522      0.51189933
      2.05948852      0.55650810
      2.07694181      0.60254246
      2.09439510      0.64950019
      2.11184839      0.69802221
      2.12930169      0.74490771
      2.14675498      0.79135398
      2.16420827      0.83570335
      2.18166156      0.87776301
      2.19911486      0.91468849
      2.21656815      0.95328937
      2.23402144      0.98790419
      2.25147474      1.02213232
      2.26892803      1.05416080
      2.28638132      1.08603850
      2.30383461      1.11680142
      2.32128791      1.14822072
      2.33874120      1.18070963
      2.35619449      1.21492727
      2.37364778      1.25128584
      2.39110108      1.29000725
      2.40855437      1.33152658
      2.42600766      1.37595808
      2.44346095      1.42323693
      2.46091425      1.47315788
      2.47836754      1.52538053
      2.49582083      1.57944383
      2.51327412      1.63479200
      2.53072742      1.69081825
      2.54818071      1.74200434
      2.56563400      1.79849698
      2.58308729      1.84643067
      2.60054059      1.89550745
      2.61799388      1.94006084
      2.63544717      1.98048725
      2.65290046      2.01616351
      2.67035376      2.04684226
      2.68780705      2.07237936
      2.70526034      2.09291422
      2.72271363      2.10878900
      2.74016693      2.12051402
      2.75762022      2.12873695
      2.77507351      2.13420027
      2.79252680      2.13769035
      2.80998010      2.13999730
      2.82743339      2.14188878
      2.84488668      2.14408715
      2.86233997      2.14724493
      2.87979327      2.15192126
      2.89724656      2.15856296
      2.91469985      2.16749265
      2.93215314      2.17890155
      2.94960644      2.19284457
      2.96705973      2.20924380
      2.98451302      2.22790606
      3.00196631      2.24852577
      3.01941961      2.27058966
      3.03687290      2.29158451
      3.05432619      2.31172207
      3.07177948      2.33784591
      3.08923278      2.35716034
      3.10668607      2.37453348
      3.12413936      2.38897408
      3.14159265      2.39985613
      3.15904595      2.40669384
      3.17649924      2.40917320
      3.19395253      2.40714815
      3.21140582      2.40063243
      3.22885912      2.38988509
      3.24631241      2.37553142
      3.26376570      2.35862783
      3.28121899      2.34131028
      3.29867229      2.31341023
      3.31612558      2.28944908
      3.33357887      2.26710499
      3.35103216      2.24419817
      3.36848546      2.22222123
      3.38593875      2.20150051
      3.40339204      2.18318721
      3.42084533      2.16772625
      3.43829863      2.15507581
      3.45575192      2.14508386
      3.47320521      2.13742230
      3.49065850      2.13158099
      3.50811180      2.12688313
      3.52556509      2.12251081
      3.54301838      2.11753930
      3.56047167      2.11097881
      3.57792497      2.10182237
      3.59537826      2.08909861
      3.61283155      2.07192831
      3.63028484      2.04958150
      3.64773814      2.02152868
      3.66519143      1.98747759
      3.68264472      1.94739039
      3.70009801      1.90148091
      3.71755131      1.85019743
      3.73500460      1.79421241
      3.75245789      1.73441058
      3.76991118      1.67182130
      3.78736448      1.60754984
      3.80481777      1.54272438
      3.82227106      1.47843510
      3.83972435      1.41568410
      3.85717765      1.35534795
      3.87463094      1.29812785
      3.89208423      1.24430324
      3.90953752      1.19396210
      3.92699082      1.14905053
      3.94444411      1.10661030
      3.96189740      1.06951777
      3.97935069      1.03591355
      3.99680399      1.00563932
      4.01425728      0.97858195
      4.03171057      0.95384940
      4.04916386      0.93094424
      4.06661716      0.90935520
      4.08407045      0.88826529
      4.10152374      0.86691602
      4.11897703      0.84463729
      4.13643033      0.82074182
      4.15388362      0.79724109
      4.17133691      0.77002464
      4.18879020      0.74043296
      4.20624350      0.70840093
      4.22369679      0.67382840
      4.24115008      0.63640535
      4.25860337      0.59973421
      4.27605667      0.55690025
      4.29350996      0.51543058
      4.31096325      0.47338096
      4.32841654      0.42983514
      4.34586984      0.38723977
      4.36332313      0.34747154
      4.38077642      0.30779405
      4.39822972      0.27090288
      4.41568301      0.23643548
      4.43313630      0.20511709
      4.45058959      0.17496726
      4.46804289      0.14817247
      4.48549618      0.12472000
      4.50294947      0.10403759
      4.52040276      0.08592746
      4.53785606      0.07045689
      4.55530935      0.05693892
      4.57276264      0.04547590
      4.59021593      0.03586118
      4.60766923      0.02722538
      4.62512252      0.02030102
      4.64257581      0.01446289
      4.66002910      0.00977824
      4.67748240      0.00614450
      4.69493569      0.00352119
      4.71238898      0.00195416
      4.72984227      0.00149576
      4.74729557      0.00233801
      4.76474886      0.00450370
      4.78220215      0.00820411
      4.79965544      0.01361476
      4.81710874      0.02089194
      4.83456203      0.03024457
      4.85201532      0.04191460
      4.86946861      0.05555404
      4.88692191      0.07169967
      4.90437520      0.09024670
      4.92182849      0.11120877
      4.93928178      0.13445746
      4.95673508      0.16058824
      4.97418837      0.18868269
      4.99164166      0.21852786
      5.00909495      0.25039503
      5.02654825      0.28387762
      5.04400154      0.31938591
      5.06145483      0.35592397
      5.07890812      0.39291167
      5.09636142      0.43138673
      5.11381471      0.46830219
      5.13126800      0.50749877
      5.14872129      0.54662185
      5.16617459      0.58587197
      5.18362788      0.62492357
      5.20108117      0.66243312
      5.21853446      0.70170201
      5.23598776      0.73979438
      5.25344105      0.77590454
      5.27089434      0.81155480
      5.28834763      0.84620433
      5.30580093      0.87964515
      5.32325422      0.91188656
      5.34070751      0.94292481
      5.35816080      0.97283637
      5.37561410      1.00177954
      5.39306739      1.02996869
      5.41052068      1.05768283
      5.42797397      1.08525417
      5.44542727      1.11305701
      5.46288056      1.14149706
      5.48033385      1.17099172
      5.49778714      1.20178672
      5.51524044      1.23461246
      5.53269373      1.26975880
      5.55014702      1.30711653
      5.56760031      1.34688744
      5.58505361      1.38914784
      5.60250690      1.43381814
      5.61996019      1.48069696
      5.63741348      1.52945962
      5.65486678      1.57968130
      5.67232007      1.63317962
      5.68977336      1.68562326
      5.70722665      1.73809940
      5.72467995      1.78997312
      5.74213324      1.84069494
      5.75958653      1.88977226
      5.77703982      1.93679104
      5.79449312      1.98144196
      5.81194641      2.02367528
      5.82939970      2.06188454
      5.84685299      2.09866211
      5.86430629      2.13251150
      5.88175958      2.16386153
      5.89921287      2.19272221
      5.91666616      2.21936190
      5.93411946      2.24402410
      5.95157275      2.26691584
      5.96902604      2.28820720
      5.98647933      2.30802153
      6.00393263      2.32642839
      6.02138592      2.34344080
      6.03883921      2.35901708
      6.05629250      2.37306647
      6.07374580      2.38545740
      6.09119909      2.39602704
      6.10865238      2.40459324
      6.12610567      2.40838609
      6.14355897      2.41409015
      6.16101226      2.41473272
      6.17846555      2.41392743
      6.19591884      2.41164655
      6.21337214      2.40663919
      6.23082543      2.39933743
      6.24827872      2.39002833
      6.26573201      2.37909920
