      0.00000000      3.53284014
      1.00000000      3.53360739
      2.00000000      3.53797519
      3.00000000      3.54655169
      4.00000000      3.55876984
      5.00000000      3.57683099
      6.00000000      3.58987294
      7.00000000      3.60979282
      8.00000000      3.62898648
      9.00000000      3.65025062
     10.00000000      3.67008479
     11.00000000      3.68815262
     12.00000000      3.70383853
     13.00000000      3.71671017
     14.00000000      3.72654580
     15.00000000      3.73327579
     16.00000000      3.73697680
     17.00000000      3.73788193
     18.00000000      3.73636160
     19.00000000      3.73464608
     20.00000000      3.73556245
     21.00000000      3.73102163
     22.00000000      3.72346552
     23.00000000      3.72022591
     24.00000000      3.69660588
     25.00000000      3.69910621
     26.00000000      3.69402788
     27.00000000      3.69005061
     28.00000000      3.68790702
     29.00000000      3.68760029
     30.00000000      3.68923415
     31.00000000      3.69316049
     32.00000000      3.68199933
     33.00000000      3.68443766
     34.00000000      3.68807364
     35.00000000      3.69198411
     36.00000000      3.69499965
     37.00000000      3.69922512
     38.00000000      3.70236943
     39.00000000      3.70471394
     40.00000000      3.70631254
     41.00000000      3.70725144
     42.00000000      3.70765799
     43.00000000      3.70762600
     44.00000000      3.70708247
     45.00000000      3.70571984
     46.00000000      3.70315003
     47.00000000      3.69923441
     48.00000000      3.69417320
     49.00000000      3.68826688
     50.00000000      3.68176633
     51.00000000      3.67485496
     52.00000000      3.66760003
     53.00000000      3.65996248
     54.00000000      3.65200556
     55.00000000      3.64407379
     56.00000000      3.63673915
     57.00000000      3.63067195
     58.00000000      3.62665317
     59.00000000      3.62444005
     60.00000000      3.61928591
     61.00000000      3.62663746
     62.00000000      3.63496605
     63.00000000      3.64690264
     64.00000000      3.66235523
     65.00000000      3.68071337
     66.00000000      3.70154283
     67.00000000      3.72459507
     68.00000000      3.74970460
     69.00000000      3.77623994
     70.00000000      3.80316679
     71.00000000      3.82930779
     72.00000000      3.85387959
     73.00000000      3.87643931
     74.00000000      3.89652923
     75.00000000      3.91364308
     76.00000000      3.92726277
     77.00000000      3.93691336
     78.00000000      3.94166513
     79.00000000      3.94312405
     80.00000000      3.94084131
     81.00000000      3.93532872
     82.00000000      3.92752442
     83.00000000      3.91814716
     84.00000000      3.90796397
     85.00000000      3.89789669
     86.00000000      3.88544656
     87.00000000      3.87779385
     88.00000000      3.87186007
     89.00000000      3.86835744
     90.00000000      3.86752968
     91.00000000      3.86941362
     92.00000000      3.87383226
     93.00000000      3.88040553
     94.00000000      3.88854412
     95.00000000      3.89716357
     96.00000000      3.90498401
     97.00000000      3.90850434
     98.00000000      3.91612812
     99.00000000      3.92228927
    100.00000000      3.92998568
    101.00000000      3.92951735
    102.00000000      3.92450197
    103.00000000      3.91563849
    104.00000000      3.90251357
    105.00000000      3.88535559
    106.00000000      3.86454013
    107.00000000      3.84059826
    108.00000000      3.81418334
    109.00000000      3.78605659
    110.00000000      3.75710805
    111.00000000      3.72830541
    112.00000000      3.70052365
    113.00000000      3.67460148
    114.00000000      3.65137101
    115.00000000      3.63155993
    116.00000000      3.61573121
    117.00000000      3.60424813
    118.00000000      3.59723695
    119.00000000      3.59456679
    120.00000000      3.59587207
    121.00000000      3.60057423
    122.00000000      3.60778137
    123.00000000      3.61665538
    124.00000000      3.63458384
    125.00000000      3.64689482
    126.00000000      3.65960318
    127.00000000      3.67218603
    128.00000000      3.68406218
    129.00000000      3.69474795
    130.00000000      3.70379122
    131.00000000      3.71058480
    132.00000000      3.71662086
    133.00000000      3.72192375
    134.00000000      3.72673675
    135.00000000      3.72927635
    136.00000000      3.72988498
    137.00000000      3.72912351
    138.00000000      3.72729933
    139.00000000      3.72463976
    140.00000000      3.72136608
    141.00000000      3.71767453
    142.00000000      3.71371315
    143.00000000      3.70958363
    144.00000000      3.70535833
    145.00000000      3.70110723
    146.00000000      3.69692677
    147.00000000      3.69295404
    148.00000000      3.68936520
    149.00000000      3.68637085
    150.00000000      3.68421816
    151.00000000      3.68320244
    152.00000000      3.68367072
    153.00000000      3.68595465
    154.00000000      3.69017382
    155.00000000      3.69605425
    156.00000000      3.70308224
    157.00000000      3.71086602
    158.00000000      3.71918257
    159.00000000      3.72780165
    160.00000000      3.73640005
    161.00000000      3.74459879
    162.00000000      3.75800458
    163.00000000      3.76529384
    164.00000000      3.77060694
    165.00000000      3.77386711
    166.00000000      3.76954748
    167.00000000      3.76874594
    168.00000000      3.76624774
    169.00000000      3.76135088
    170.00000000      3.75418468
    171.00000000      3.74502694
    172.00000000      3.73418948
    173.00000000      3.72202868
    174.00000000      3.70894188
    175.00000000      3.69535742
    176.00000000      3.68172106
    177.00000000      3.66848006
    178.00000000      3.65606649
    179.00000000      3.64488069
