      0.00000000      2.29983166
      0.01745329      2.29855696
      0.03490659      2.29822432
      0.05235988      2.29862625
      0.06981317      2.29966370
      0.08726646      2.30127793
      0.10471976      2.30339177
      0.12217305      2.30593353
      0.13962634      2.30882221
      0.15707963      2.31194336
      0.17453293      2.31514877
      0.19198622      2.31828338
      0.20943951      2.32121030
      0.22689280      2.32382350
      0.24434610      2.32605762
      0.26179939      2.32789656
      0.27925268      2.32935840
      0.29670597      2.33041072
      0.31415927      2.33087606
      0.33161256      2.33060045
      0.34906585      2.32969888
      0.36651914      2.32824260
      0.38397244      2.32564760
      0.40142573      2.32555849
      0.41887902      2.32052684
      0.43633231      2.31724282
      0.45378561      2.31487238
      0.47123890      2.31491906
      0.48869219      2.31318023
      0.50614548      2.31133847
      0.52359878      2.30950304
      0.54105207      2.30766802
      0.55850536      2.30579211
      0.57595865      2.30379932
      0.59341195      2.30159777
      0.61086524      2.29912220
      0.62831853      2.29636011
      0.64577182      2.29333258
      0.66322512      2.29006958
      0.68067841      2.28660294
      0.69813170      2.28296677
      0.71558499      2.27919801
      0.73303829      2.27533571
      0.75049158      2.27141941
      0.76794487      2.26748676
      0.78539816      2.26357127
      0.80285146      2.25970564
      0.82030475      2.25593517
      0.83775804      2.25232287
      0.85521133      2.24892033
      0.87266463      2.24574276
      0.89011792      2.24279084
      0.90757121      2.24008224
      0.92502450      2.23766011
      0.94247780      2.23559015
      0.95993109      2.23395849
      0.97738438      2.23287126
      0.99483767      2.23245359
      1.01229097      2.23284629
      1.02974426      2.23420012
      1.04719755      2.23666782
      1.06465084      2.24039434
      1.08210414      2.24550587
      1.09955743      2.25209717
      1.11701072      2.26021380
      1.13446401      2.26981140
      1.15191731      2.28063580
      1.16937060      2.30012970
      1.18682389      2.31358548
      1.20427718      2.32942682
      1.22173048      2.34004328
      1.23918377      2.35556468
      1.25663706      2.37253447
      1.27409035      2.38998352
      1.29154365      2.40760281
      1.30899694      2.42494169
      1.32645023      2.44118551
      1.34390352      2.45432537
      1.36135682      2.46684135
      1.37881011      2.47801640
      1.39626340      2.48778373
      1.41371669      2.49618073
      1.43116999      2.50320183
      1.44862328      2.50889716
      1.46607657      2.51241439
      1.48352986      2.51605690
      1.50098316      2.51863678
      1.51843645      2.52035585
      1.53588974      2.52130724
      1.55334303      2.52154057
      1.57079633      2.52108118
      1.58824962      2.51992786
      1.60570291      2.51805243
      1.62315620      2.51540170
      1.64060950      2.51190135
      1.65806279      2.50746170
      1.67551608      2.50198513
      1.69296937      2.49537504
      1.71042267      2.48754578
      1.72787596      2.47843310
      1.74532925      2.46800471
      1.76278254      2.45627052
      1.78023584      2.44329111
      1.79768913      2.42917831
      1.81514242      2.41407082
      1.83259571      2.39806609
      1.85004901      2.38119382
      1.86750230      2.36366135
      1.88495559      2.34602197
      1.90240888      2.32882179
      1.91986218      2.31246252
      1.93731547      2.29733982
      1.95476876      2.28412762
      1.97222205      2.27245202
      1.98967535      2.25587249
      2.00712864      2.24714209
      2.02458193      2.24002628
      2.04203522      2.23457863
      2.05948852      2.23073499
      2.07694181      2.22845539
      2.09439510      2.22604082
      2.11184839      2.22548040
      2.12930169      2.22609823
      2.14675498      2.22781946
      2.16420827      2.23017536
      2.18166156      2.23291073
      2.19911486      2.23584987
      2.21656815      2.23887219
      2.23402144      2.24190451
      2.25147474      2.24679709
      2.26892803      2.24970647
      2.28638132      2.25250745
      2.30383461      2.25523930
      2.32128791      2.25783900
      2.33874120      2.26029916
      2.35619449      2.26264027
      2.37364778      2.26499060
      2.39110108      2.26756613
      2.40855437      2.27050989
      2.42600766      2.27379943
      2.44346095      2.27733847
      2.46091425      2.28106804
      2.47836754      2.28497988
      2.49582083      2.28908388
      2.51327412      2.29338593
      2.53072742      2.29788043
      2.54818071      2.30555768
      2.56563400      2.30970280
      2.58308729      2.31424962
      2.60054059      2.31849455
      2.61799388      2.32213553
      2.63544717      2.32688156
      2.65290046      2.33217005
      2.67035376      2.33687372
      2.68780705      2.34146829
      2.70526034      2.34625210
      2.72271363      2.35222352
      2.74016693      2.35214108
      2.75762022      2.34995341
      2.77507351      2.35066624
      2.79252680      2.35059262
      2.80998010      2.34921247
      2.82743339      2.34665530
      2.84488668      2.34301948
      2.86233997      2.33824230
      2.87979327      2.33226504
      2.89724656      2.32510176
      2.91469985      2.31686747
      2.93215314      2.30774507
      2.94960644      2.29795246
      2.96705973      2.28773901
      2.98451302      2.27737959
      3.00196631      2.26714736
      3.01941961      2.25729294
      3.03687290      2.24804216
      3.05432619      2.23959897
      3.07177948      2.23214546
      3.08923278      2.22583931
      3.10668607      2.22081081
      3.12413936      2.21716032
      3.14159265      2.21495660
      3.15904595      2.21423603
      3.17649924      2.21500236
      3.19395253      2.21722677
      3.21140582      2.22084794
      3.22885912      2.22577219
      3.24631241      2.23187354
      3.26376570      2.23899403
      3.28121899      2.24694539
      3.29867229      2.25551396
      3.31612558      2.26446915
      3.33357887      2.27357380
      3.35103216      2.28259418
      3.36848546      2.29130867
      3.38593875      2.29951536
      3.40339204      2.30703946
      3.42084533      2.31374225
      3.43829863      2.31953223
      3.45575192      2.32437600
      3.47320521      2.32830769
      3.49065850      2.33137357
      3.50811180      2.33264877
      3.52556509      2.33271295
      3.54301838      2.33316991
      3.56047167      2.33289815
      3.57792497      2.32565430
      3.59537826      2.32377838
      3.61283155      2.32658415
      3.63028484      2.32410458
      3.64773814      2.32047060
      3.66519143      2.31657306
      3.68264472      2.31231797
      3.70009801      2.30780815
      3.71755131      2.30316074
      3.73500460      2.29849805
      3.75245789      2.29394572
      3.76991118      2.28962794
      3.78736448      2.28566626
      3.80481777      2.28217825
      3.82227106      2.27927469
      3.83972435      2.27705447
      3.85717765      2.27559743
      3.87463094      2.27495728
      3.89208423      2.27515716
      3.90953752      2.27618858
      3.92699082      2.27801221
      3.94444411      2.28056136
      3.96189740      2.28375176
      3.97935069      2.28748833
      3.99680399      2.29165186
      4.01425728      2.29607864
      4.03171057      2.30056858
      4.04916386      2.30492000
      4.06661716      2.30895890
      4.08407045      2.31255052
      4.10152374      2.31560118
      4.11897703      2.31805693
      4.13643033      2.31990097
      4.15388362      2.32115165
      4.17133691      2.32186242
      4.18879020      2.32212103
      4.20624350      2.32204321
      4.22369679      2.32175894
      4.24115008      2.32139030
      4.25860337      2.32101478
      4.27605667      2.32064555
      4.29350996      2.32042421
      4.31096325      2.32069792
      4.32841654      2.32148314
      4.34586984      2.32626072
      4.36332313      2.32372902
      4.38077642      2.32468207
      4.39822972      2.32561660
      4.41568301      2.32644478
      4.43313630      2.32697761
      4.45058959      2.32707248
      4.46804289      2.32662154
      4.48549618      2.32555284
      4.50294947      2.32383396
      4.52040276      2.32147176
      4.53785606      2.31850917
      4.55530935      2.31502138
      4.57276264      2.31111331
      4.59021593      2.30691637
      4.60766923      2.30258260
      4.62512252      2.29827622
      4.64257581      2.29416379
      4.66002910      2.29040408
      4.67748240      2.28713861
      4.69493569      2.28448360
      4.71238898      2.28252412
      4.72984227      2.28131105
      4.74729557      2.28086065
      4.76474886      2.28115652
      4.78220215      2.28215333
      4.79965544      2.28378180
      4.81710874      2.28595430
      4.83456203      2.28857082
      4.85201532      2.29152507
      4.86946861      2.29471151
      4.88692191      2.29803437
      4.90437520      2.30141966
      4.92182849      2.30482750
      4.93928178      2.30824358
      4.95673508      2.31158356
      4.97418837      2.31449352
      4.99164166      2.31650619
      5.00909495      2.31772304
      5.02654825      2.31857639
      5.04400154      2.31925461
      5.06145483      2.31977270
      5.07890812      2.32006726
      5.09636142      2.32008362
      5.11381471      2.32005791
      5.13126800      2.32052114
      5.14872129      2.32057586
      5.16617459      2.31977813
      5.18362788      2.31930801
      5.20108117      2.31867123
      5.21853446      2.31775980
      5.23598776      2.31654238
      5.25344105      2.31499932
      5.27089434      2.31311650
      5.28834763      2.31088633
      5.30580093      2.30830963
      5.32325422      2.30540208
      5.34070751      2.30220655
      5.35816080      2.29880505
      5.37561410      2.29532112
      5.39306739      2.29190884
      5.41052068      2.28873317
      5.42797397      2.28594896
      5.44542727      2.28368328
      5.46288056      2.28202298
      5.48033385      2.28100993
      5.49778714      2.28064990
      5.51524044      2.28093415
      5.53269373      2.28185140
      5.55014702      2.28336678
      5.56760031      2.28539227
      5.58505361      2.28779036
      5.60250690      2.29040609
      5.61996019      2.29309623
      5.63741348      2.29574290
      5.65486678      2.29825798
      5.67232007      2.30058531
      5.68977336      2.30270276
      5.70722665      2.30462296
      5.72467995      2.30639058
      5.74213324      2.30807562
      5.75958653      2.30976429
      5.77703982      2.31154969
      5.79449312      2.31352305
      5.81194641      2.31576590
      5.82939970      2.31834532
      5.84685299      2.32132083
      5.86430629      2.32478971
      5.88175958      2.32899881
      5.89921287      2.33311224
      5.91666616      2.33446842
      5.93411946      2.33811064
      5.95157275      2.34152054
      5.96902604      2.34438040
      5.98647933      2.34659497
      6.00393263      2.34805708
      6.02138592      2.34867390
      6.03883921      2.34838027
      6.05629250      2.34714008
      6.07374580      2.34493119
      6.09119909      2.34170367
      6.10865238      2.33737130
      6.12610567      2.33215514
      6.14355897      2.32723961
      6.16101226      2.32295926
      6.17846555      2.31852656
      6.19591884      2.31420296
      6.21337214      2.31024072
      6.23082543      2.30670055
      6.24827872      2.30368774
      6.26573201      2.30128681
