      0.00000000      0.00007449
      0.03490659      0.00007364
      0.06981317      0.00007206
      0.10471976      0.00006858
      0.13962634      0.00006283
      0.17453293      0.00005414
      0.20943951      0.00004507
      0.24434610      0.00003488
      0.27925268      0.00002741
      0.31415927      0.00002496
      0.34906585      0.00002723
      0.38397244      0.00003035
      0.41887902      0.00002834
      0.45378561      0.00001934
      0.48869219      0.00000986
      0.52359878      0.00001283
      0.55850536      0.00003131
      0.59341195      0.00004716
      0.62831853      0.00003802
      0.66322512      0.00001567
      0.69813170      0.00002395
      0.73303829      0.00006702
      0.76794487      0.00007408
      0.80285146      0.00001823
      0.83775804      0.00002213
      0.87266463      0.00016053
      0.90757121      0.00022530
      0.94247780      0.00007817
      0.97738438      0.00008466
      1.01229097      0.00054005
      1.04719755      0.00090685
      1.08210414      0.00070829
      1.11701072      0.00067665
      1.15191731      0.00159593
      1.18682389      0.00270425
      1.22173048      0.00280923
      1.25663706      0.00209551
      1.29154365      0.00159904
      1.32645023      0.00173702
      1.36135682      0.00230861
      1.39626340      0.00308157
      1.43116999      0.00373674
      1.46607657      0.00390009
      1.50098316      0.00364123
      1.53588974      0.00346445
      1.57079633      0.00361266
      1.60570291      0.00374781
      1.64060950      0.00356263
      1.67551608      0.00333448
      1.71042267      0.00325704
      1.74532925      0.00284605
      1.78023584      0.00192235
      1.81514242      0.00114522
      1.85004901      0.00087911
      1.88495559      0.00096829
      1.91986218      0.00149915
      1.95476876      0.00205162
      1.98967535      0.00154795
      2.02458193      0.00043098
      2.05948852      0.00036015
      2.09439510      0.00113425
      2.12930169      0.00114992
      2.16420827      0.00043369
      2.19911486      0.00021537
      2.23402144      0.00054174
      2.26892803      0.00059923
      2.30383461      0.00031878
      2.33874120      0.00019518
      2.37364778      0.00030218
      2.40855437      0.00035033
      2.44346095      0.00025015
      2.47836754      0.00015856
      2.51327412      0.00016644
      2.54818071      0.00020760
      2.58308729      0.00020640
      2.61799388      0.00016395
      2.65290046      0.00012754
      2.68780705      0.00012265
      2.72271363      0.00013706
      2.75762022      0.00014844
      2.79252680      0.00014434
      2.82743339      0.00012853
      2.86233997      0.00010999
      2.89724656      0.00009572
      2.93215314      0.00008849
      2.96705973      0.00008688
      3.00196631      0.00008877
      3.03687290      0.00009164
      3.07177948      0.00009443
      3.10668607      0.00009639
      3.14159265      0.00009656
      3.17649924      0.00009613
      3.21140582      0.00009460
      3.24631241      0.00009179
      3.28121899      0.00008884
      3.31612558      0.00008665
      3.35103216      0.00008816
      3.38593875      0.00009468
      3.42084533      0.00010806
      3.45575192      0.00012572
      3.49065850      0.00014129
      3.52556509      0.00014580
      3.56047167      0.00013602
      3.59537826      0.00012310
      3.63028484      0.00012932
      3.66519143      0.00016625
      3.70009801      0.00020849
      3.73500460      0.00020878
      3.76991118      0.00016715
      3.80481777      0.00015918
      3.83972435      0.00025124
      3.87463094      0.00035245
      3.90953752      0.00030519
      3.94444411      0.00019650
      3.97935069      0.00031772
      4.01425728      0.00059630
      4.04916386      0.00053807
      4.08407045      0.00021419
      4.11897703      0.00043418
      4.15388362      0.00115114
      4.18879020      0.00113111
      4.22369679      0.00035810
      4.25860337      0.00043271
      4.29350996      0.00155017
      4.32841654      0.00205202
      4.36332313      0.00150284
      4.39822972      0.00097388
      4.43313630      0.00088306
      4.46804289      0.00114419
      4.50294947      0.00192377
      4.53785606      0.00285930
      4.57276264      0.00327795
      4.60766923      0.00335005
      4.64257581      0.00356183
      4.67748240      0.00373250
      4.71238898      0.00359165
      4.74729557      0.00345034
      4.78220215      0.00364326
      4.81710874      0.00391332
      4.85201532      0.00375111
      4.88692191      0.00309346
      4.92182849      0.00231932
      4.95673508      0.00175333
      4.99164166      0.00161865
      5.02654825      0.00211098
      5.06145483      0.00281381
      5.09636142      0.00270820
      5.13126800      0.00160287
      5.16617459      0.00067984
      5.20108117      0.00070700
      5.23598776      0.00090523
      5.27089434      0.00053878
      5.30580093      0.00008310
      5.34070751      0.00007779
      5.37561410      0.00022584
      5.41052068      0.00016073
      5.44542727      0.00002252
      5.48033385      0.00001739
      5.51524044      0.00007269
      5.55014702      0.00006584
      5.58505361      0.00002352
      5.61996019      0.00001562
      5.65486678      0.00003756
      5.68977336      0.00004612
      5.72467995      0.00003039
      5.75958653      0.00001247
      5.79449312      0.00001037
      5.82939970      0.00002051
      5.86430629      0.00003002
      5.89921287      0.00003167
      5.93411946      0.00002785
      5.96902604      0.00002507
      6.00393263      0.00002729
      6.03883921      0.00003457
      6.07374580      0.00004499
      6.10865238      0.00005546
      6.14355897      0.00006297
      6.17846555      0.00006940
      6.21337214      0.00007265
      6.24827872      0.00007427
