      0.00000000      2.36474818
      0.00000000      2.36561549
      0.00000000      2.36530379
      0.00000000      2.36548081
      0.00000000      2.36529336
      0.00000000      2.36487907
      0.00000000      2.36529110
      0.00000000      2.36567587
      0.00000000      2.36525095
      0.00000000      2.36527213
      0.00000000      2.36546073
      0.00000000      2.36541300
      0.00000000      2.36528912
      0.00000000      2.36535646
      0.00000000      2.36537386
      0.00000000      2.36539304
      0.00000000      2.36536361
      0.00000000      2.36537392
      0.00000000      2.36534871
      0.00000000      2.36534845
      0.00000000      2.36533443
      0.00000000      2.36529362
      0.00000000      2.36534294
      0.00000000      2.36534549
      0.00000000      2.36532086
      0.00000000      2.36531684
      0.00000000      2.36527124
      0.00000000      2.36532015
      0.00000000      2.36533015
      0.00000000      2.36533535
      0.00000000      2.36531840
      0.00000000      2.36537782
      0.00000000      2.36532903
      0.00000000      2.36531981
      0.00000000      2.36534432
      0.00000000      2.36537749
      0.00000000      2.36525007
      0.00000000      2.36530860
      0.00000000      2.36532683
      0.00000000      2.36535874
      0.00000000      2.36535937
      0.00000000      2.36537407
      0.00000000      2.36536596
      0.00000000      2.36535567
      0.00000000      2.36535441
      0.00000000      2.36535443
      0.00000000      2.36535376
      0.00000000      2.36535257
      0.00000000      2.36536036
      0.00000000      2.36538529
      0.00000000      2.36523801
      0.00000000      2.36535662
      0.00000000      2.36716181
      0.00000000      2.36397059
      0.00000000      2.36488530
      0.00000000      2.36497850
      0.00000000      2.36536143
      0.00000000      2.36602132
      0.00000000      2.36544530
      0.00000000      2.36529433
      0.00000000      2.36543804
      0.00000000      2.36545347
      0.00000000      2.36529408
      0.00000000      2.36530439
      0.00000000      2.36532842
      0.00000000      2.36534247
      0.00000000      2.36535099
      0.00000000      2.36522328
      0.00000000      2.36532633
      0.00000000      2.36533733
      0.00000000      2.36535307
      0.00000000      2.36535074
      0.00000000      2.36538009
      0.00000000      2.36538142
      0.00000000      2.36537994
      0.00000000      2.36540443
      0.00000000      2.36538092
      0.00000000      2.36529521
      0.00000000      2.36561891
      0.00000000      2.36535698
      0.00000000      2.36534015
      0.00000000      2.36535075
      0.00000000      2.36534680
      0.00000000      2.36536507
      0.00000000      2.36535304
      0.00000000      2.36533474
      0.00000000      2.36534963
      0.00000000      2.36534746
      0.00000000      2.36534913
      0.00000000      2.36534781
      0.00000000      2.36534923
      0.00000000      2.36534919
      0.00000000      2.36535009
      0.00000000      2.36534902
      0.00000000      2.36535151
      0.00000000      2.36534775
      0.00000000      2.36534833
      0.00000000      2.36534634
      0.00000000      2.36534892
      0.00000000      2.36534888
      0.00000000      2.36535111
      0.00000000      2.36533652
      0.00000000      2.36535004
      0.00000000      2.36542976
      0.00000000      2.36534637
      0.00000000      2.36540050
      0.00000000      2.36540175
      0.00000000      2.36507222
      0.00000000      2.36565566
      0.00000000      2.36639996
      0.00000000      2.36478685
      0.00000000      2.36544628
      0.00000000      2.36408467
      0.00000000      2.36517185
      0.00000000      2.36543105
      0.00000000      2.36533607
      0.00000000      2.36537360
      0.00000000      2.36553129
      0.00000000      2.36533602
      0.00000000      2.36535652
      0.00000000      2.36535315
      0.00000000      2.36535203
      0.00000000      2.36534972
      0.00000000      2.36535010
      0.00000000      2.36527052
      0.00000000      2.36530739
      0.00000000      2.36535496
      0.00000000      2.36534108
      0.00000000      2.36534863
      0.00000000      2.36531737
      0.00000000      2.36535943
      0.00000000      2.36535002
      0.00000000      2.36534908
      0.00000000      2.36534865
      0.00000000      2.36534545
      0.00000000      2.36534713
      0.00000000      2.36534555
      0.00000000      2.36535050
      0.00000000      2.36535022
      0.00000000      2.36534843
      0.00000000      2.36535036
      0.00000000      2.36535159
      0.00000000      2.36534711
      0.00000000      2.36534761
      0.00000000      2.36534715
      0.00000000      2.36534451
      0.00000000      2.36534901
      0.00000000      2.36534513
      0.00000000      2.36537124
      0.00000000      2.36533758
      0.00000000      2.36533285
      0.00000000      2.36533513
      0.00000000      2.36534445
      0.00000000      2.36534914
      0.00000000      2.36533895
      0.00000000      2.36534412
      0.00000000      2.36536103
      0.00000000      2.36536235
      0.00000000      2.36538827
      0.00000000      2.36535677
      0.00000000      2.36537575
      0.00000000      2.36534131
      0.00000000      2.36535120
      0.00000000      2.36549427
      0.00000000      2.36536290
      0.00000000      2.36536948
      0.00000000      2.36532654
      0.00000000      2.36535124
      0.00000000      2.36536004
      0.00000000      2.36538005
      0.00000000      2.36538389
      0.00000000      2.36537186
      0.00000000      2.36536882
      0.00000000      2.36535917
      0.00000000      2.36536042
      0.00000000      2.36534328
      0.00000000      2.36534660
      0.00000000      2.36546827
      0.00000000      2.36533581
      0.00000000      2.36534810
      0.00000000      2.36556418
      0.00000000      2.36537206
      0.00000000      2.36535318
      0.00000000      2.36535144
      0.00000000      2.36530978
      0.00000000      2.36535582
      0.00000000      2.36536726
      0.00000000      2.36534476
      0.00000000      2.36534604
      0.00000000      2.36535215
      0.00000000      2.36534647
      0.00000000      2.36534808
      0.00000000      2.36534834
      0.00000000      2.36534816
      0.00000000      2.36535120
      0.00000000      2.36535002
      0.00000000      2.36534772
      0.00000000      2.36535568
      0.00000000      2.36535367
      0.00000000      2.36535416
      0.00000000      2.36534723
      0.00000000      2.36535203
      0.00000000      2.36535021
      0.00000000      2.36534643
      0.00000000      2.36534761
      0.00000000      2.36534658
      0.00000000      2.36534704
      0.00000000      2.36534020
      0.00000000      2.36534790
      0.00000000      2.36534879
      0.00000000      2.36534896
      0.00000000      2.36534746
      0.00000000      2.36534804
      0.00000000      2.36534828
      0.00000000      2.36534875
      0.00000000      2.36534874
      0.00000000      2.36534895
      0.00000000      2.36534908
      0.00000000      2.36534847
      0.00000000      2.36534859
      0.00000000      2.36534870
      0.00000000      2.36534871
      0.00000000      2.36534864
      0.00000000      2.36534867
      0.00000000      2.36534863
      0.00000000      2.36534852
      0.00000000      2.36534874
      0.00000000      2.36534884
      0.00000000      2.36534896
      0.00000000      2.36534812
      0.00000000      2.36534869
      0.00000000      2.36534867
      0.00000000      2.36534858
      0.00000000      2.36534864
      0.00000000      2.36534865
      0.00000000      2.36534868
      0.00000000      2.36534866
      0.00000000      2.36534899
      0.00000000      2.36534869
      0.00000000      2.36534877
      0.00000000      2.36534868
      0.00000000      2.36534867
      0.00000000      2.36534880
      0.00000000      2.36534869
      0.00000000      2.36534871
      0.00000000      2.36534870
      0.00000000      2.36534871
      0.00000000      2.36534872
      0.00000000      2.36534861
      0.00000000      2.36534864
      0.00000000      2.36534883
      0.00000000      2.36534860
      0.00000000      2.36534886
      0.00000000      2.36534866
      0.00000000      2.36534879
      0.00000000      2.36534891
      0.00000000      2.36534871
      0.00000000      2.36534857
      0.00000000      2.36534830
      0.00000000      2.36534861
      0.00000000      2.36534862
      0.00000000      2.36534855
      0.00000000      2.36534878
      0.00000000      2.36534783
      0.00000000      2.36534382
      0.00000000      2.36535135
      0.00000000      2.36534919
      0.00000000      2.36534867
      0.00000000      2.36534708
      0.00000000      2.36534645
      0.00000000      2.36533854
      0.00000000      2.36534989
      0.00000000      2.36534908
      0.00000000      2.36534884
      0.00000000      2.36534877
      0.00000000      2.36534917
      0.00000000      2.36534864
      0.00000000      2.36534870
      0.00000000      2.36534866
      0.00000000      2.36534881
      0.00000000      2.36534865
      0.00000000      2.36534871
      0.00000000      2.36534866
      0.00000000      2.36534866
      0.00000000      2.36534851
      0.00000000      2.36534854
      0.00000000      2.36534860
      0.00000000      2.36534886
      0.00000000      2.36534871
      0.00000000      2.36534800
      0.00000000      2.36534860
      0.00000000      2.36534880
      0.00000000      2.36534803
      0.00000000      2.36534851
      0.00000000      2.36534855
      0.00000000      2.36534924
      0.00000000      2.36534914
      0.00000000      2.36534668
      0.00000000      2.36534846
      0.00000000      2.36534893
      0.00000000      2.36534876
      0.00000000      2.36534873
      0.00000000      2.36534879
      0.00000000      2.36534804
      0.00000000      2.36534799
      0.00000000      2.36534865
      0.00000000      2.36534841
      0.00000000      2.36534850
      0.00000000      2.36534892
      0.00000000      2.36534991
      0.00000000      2.36534841
      0.00000000      2.36535609
      0.00000000      2.36534825
      0.00000000      2.36535037
      0.00000000      2.36534865
      0.00000000      2.36534937
      0.00000000      2.36535013
      0.00000000      2.36534030
      0.00000000      2.36534653
      0.00000000      2.36533577
      0.00000000      2.36534620
      0.00000000      2.36535036
      0.00000000      2.36534633
      0.00000000      2.36535401
      0.00000000      2.36534748
      0.00000000      2.36533464
      0.00000000      2.36534149
      0.00000000      2.36534569
      0.00000000      2.36534908
      0.00000000      2.36535153
      0.00000000      2.36533550
      0.00000000      2.36535159
      0.00000000      2.36535746
      0.00000000      2.36534975
      0.00000000      2.36534863
      0.00000000      2.36534856
      0.00000000      2.36534889
      0.00000000      2.36534868
      0.00000000      2.36535210
      0.00000000      2.36534951
      0.00000000      2.36534851
      0.00000000      2.36534834
      0.00000000      2.36534955
      0.00000000      2.36534858
      0.00000000      2.36534922
      0.00000000      2.36534645
      0.00000000      2.36534747
      0.00000000      2.36534151
      0.00000000      2.36534888
      0.00000000      2.36534817
      0.00000000      2.36534960
      0.00000000      2.36534850
      0.00000000      2.36534810
      0.00000000      2.36534841
      0.00000000      2.36534794
      0.00000000      2.36534943
      0.00000000      2.36534313
      0.00000000      2.36534765
      0.00000000      2.36534981
      0.00000000      2.36534775
